{"@class":"BaseScene","assetsNames":[{"key":{"uuid":"2C3ADF7E-395B-47DA-9A78-3DBE397225B5"},"value":"Floor_200x200"}],"id":{"uuid":"1C435217-1F56-4B14-B162-D5571841CD11"},"name":"Level","nodes":[{"@class":"BaseNode","children":["D8E1D3DE-2BB8-4152-AD73-D8CFD5761AB5","C9B8776A-C090-45E6-8C10-F902B0C12852","F1822464-0AF4-4D01-AF3F-0DA752A70189","69B3343E-0E21-4C30-8FA4-BC470CC0CAF2"],"object3D":{"@class":"BaseObject3D","enabled":true,"hitVisible":true,"id":{"uuid":"243649C0-D7F6-48FA-A44E-36AD29632827"},"metadata":{"importedIdentifier":"","importedName":"","isBone":false,"tags":[]},"name":"UserRootObject","transform":{"@class":"BaseComponentTransformable","isGlobalTransforms":false,"localTransforms":{"values":[1.0,0.0,0.0,0.0,0.0,1.0,0.0,0.0,0.0,0.0,1.0,0.0,0.0,0.0,0.0,1.0]}},"visible":false}},{"@class":"BaseNode","color_index":2,"object3D":{"@class":"BaseObject3D","camera":{"@class":"BaseComponentCamera","cameraId":{"uuid":"99DE5B61-6462-40B9-A813-FBA5AA0FB737"}},"enabled":true,"hitVisible":false,"id":{"uuid":"D8E1D3DE-2BB8-4152-AD73-D8CFD5761AB5"},"metadata":{"importedIdentifier":"","importedName":"","isBone":false,"tags":[]},"name":"MainCamera","transform":{"@class":"BaseComponentTransformable","isGlobalTransforms":false,"localTransforms":{"values":[-0.0017623498570173979,0.0,0.9999987483024597,0.0,0.4802401661872864,0.8771390914916992,0.0008463579579256475,0.0,-0.8771378993988037,0.48024100065231323,-0.0015458501875400543,0.0,-14.179912567138672,8.660008430480957,-0.014210385270416737,1.0]}},"visible":true}},{"@class":"BaseNode","object3D":{"@class":"BaseObject3D","enabled":true,"hitVisible":true,"id":{"uuid":"C9B8776A-C090-45E6-8C10-F902B0C12852"},"metadata":{"importedIdentifier":"","importedName":"","isBone":false,"tags":[]},"name":"Game Manager","transform":{"@class":"BaseComponentTransformable","isGlobalTransforms":false,"localTransforms":{"values":[1.0,0.0,0.0,0.0,0.0,1.0,0.0,0.0,0.0,0.0,1.0,0.0,0.0,0.0,0.0,1.0]}},"visible":true}},{"@class":"BaseNode","children":["0D73CAB4-3F75-4A44-AD7A-2996867378B5","1CA0AD17-2DB4-4BF5-965C-25F6E8ED66FC","97CCA474-A953-4303-A734-27B04DB93EDE","BCE2CC50-842E-462C-9F8D-34191A33D5C6"],"color_index":5,"object3D":{"@class":"BaseObject3D","colliders":[{"@class":"BaseComponentCollider","colliderId":{"uuid":"C5749AFB-DC04-4192-9F1C-B3B92A930C26"}}],"enabled":true,"hitVisible":true,"id":{"uuid":"F1822464-0AF4-4D01-AF3F-0DA752A70189"},"metadata":{"importedIdentifier":"","importedName":"","isBone":false,"tags":[{"uuid":"76FA5469-21F2-4583-BACB-CCBF68BB942C"}]},"name":"MainCharacter","networkObject":{"@class":"BaseComponentNetwork","isEnabled":true,"networkObjectId":{"uuid":"FD4E79DF-D9BE-48E4-BE9A-C3B7FCD2C22E"}},"rigidBody":{"@class":"BaseComponentPhysBody","isEnabled":true,"rigidBodyId":{"uuid":"839D27FD-0EAD-4910-9809-5D884F836752"}},"spawner":{"@class":"BaseComponentSpawner","characterScriptId":{"uuid":"AB3C7CCC-20FF-487D-A688-CB335576A5A5"}},"stateMachine":{"@class":"BaseComponentStateMachine","mappingProvider":{"@class":"IdPoolBase","prototypeToInstanceMap":[]},"saveState":false,"stateMachineId":{"uuid":"360D7689-C2D1-43BC-962C-44F554E096D3"}},"transform":{"@class":"BaseComponentTransformable","isGlobalTransforms":true,"localTransforms":{"values":[1.0,0.0,0.0,0.0,0.0,1.0,0.0,0.0,0.0,0.0,1.0,0.0,0.0,0.0,0.0,1.0]}},"visible":true}},{"@class":"BaseNode","children":["72B79930-F445-4CF1-902D-2A44382FD220","1E8EA00B-C9BD-4E4E-90A2-E08722C82E80"],"object3D":{"@class":"BaseObject3D","enabled":true,"hitVisible":true,"id":{"uuid":"0D73CAB4-3F75-4A44-AD7A-2996867378B5"},"metadata":{"importedIdentifier":"","importedName":"","isBone":false,"tags":[]},"name":"Model","transform":{"@class":"BaseComponentTransformable","isGlobalTransforms":false,"localTransforms":{"values":[-1.1920930376163597e-07,0.0,-1.0,0.0,0.0,1.0,0.0,0.0,1.0,0.0,-1.1920930376163597e-07,0.0,0.0,0.0,0.0,1.0]}},"visible":true}},{"@class":"BaseNode","children":["8249EE8F-1B42-44FF-8D0A-47B8AB7F7327"],"object3D":{"@class":"BaseObject3D","enabled":true,"hitVisible":true,"id":{"uuid":"72B79930-F445-4CF1-902D-2A44382FD220"},"metadata":{"importedIdentifier":"","importedName":"","isBone":false,"tags":[]},"name":"Camera Target","transform":{"@class":"BaseComponentTransformable","isGlobalTransforms":false,"localTransforms":{"values":[-0.0003452301025390625,-3.0183855415089056e-11,0.9999999403953552,0.0,-1.7484555314695172e-07,1.0,-3.0183855415089056e-11,0.0,-0.9999999403953552,-1.7484555314695172e-07,-0.0003452301025390625,0.0,-1.176110409062403e-08,2.1883609294891357,0.09865927696228027,1.0]}},"visible":true}},{"@class":"BaseNode","object3D":{"@class":"BaseObject3D","enabled":false,"geometry":{"@class":"BaseComponentGeometry","baked":false,"meshId":{"uuid":"5036AFC9-1DA6-469A-AB8D-EA6D368B24E8"},"shadowCast":true,"shadowReceive":true,"static":false},"hitVisible":true,"id":{"uuid":"8249EE8F-1B42-44FF-8D0A-47B8AB7F7327"},"metadata":{"importedIdentifier":"","importedName":"","isBone":false,"tags":[]},"name":"Box","transform":{"@class":"BaseComponentTransformable","isGlobalTransforms":false,"localTransforms":{"values":[1.0,0.0,0.0,0.0,0.0,0.30000001192092896,0.0,0.0,0.0,0.0,0.30000001192092896,0.0,0.0,0.0,0.0,1.0]}},"visible":true}},{"@class":"BaseNode","children":["354C528B-8E7F-4F2C-A291-44FC55EBD20A","C77D1CB5-ACAD-44CB-8B43-6CD245873A9E","FFE9CC50-F496-4ED0-8F11-05200D445E19"],"object3D":{"@class":"BaseObject3D","enabled":true,"hitVisible":true,"id":{"uuid":"1E8EA00B-C9BD-4E4E-90A2-E08722C82E80"},"metadata":{"importedIdentifier":"RootNode","importedName":"RootNode","isBone":false,"tags":[]},"name":"maincharacter","transform":{"@class":"BaseComponentTransformable","isGlobalTransforms":false,"localTransforms":{"values":[1.0,0.0,0.0,0.0,0.0,1.0,0.0,0.0,0.0,0.0,1.0,0.0,0.0,0.0,0.0,1.0]}},"visible":true}},{"@class":"BaseNode","children":["C833A708-86BF-4581-AA9E-F8F056397F13","87FAA004-01EB-43DC-B775-8DCB6E6DDFD7","039E30F3-2C58-423B-A8F3-B98082501E84"],"object3D":{"@class":"BaseObject3D","enabled":true,"hitVisible":true,"id":{"uuid":"354C528B-8E7F-4F2C-A291-44FC55EBD20A"},"metadata":{"importedIdentifier":"mixamorig_Hips","importedName":"mixamorig_Hips","isBone":false,"tags":[]},"name":"mixamorig_Hips","transform":{"@class":"BaseComponentTransformable","isGlobalTransforms":false,"localTransforms":{"values":[1.0,-3.7999998312443495e-05,-9.999999974752427e-07,0.0,3.7999998312443495e-05,1.0,0.0,0.0,9.999999974752427e-07,0.0,1.0,0.0,6.000000212225132e-06,1.475203037261963,0.006819000001996756,1.0]}},"visible":true}},{"@class":"BaseNode","children":["47AE6B88-6BBC-49C6-A20C-B51FFF5F8E9A"],"object3D":{"@class":"BaseObject3D","enabled":true,"hitVisible":true,"id":{"uuid":"C833A708-86BF-4581-AA9E-F8F056397F13"},"metadata":{"importedIdentifier":"mixamorig_Spine","importedName":"mixamorig_Spine","isBone":false,"tags":[]},"name":"mixamorig_Spine","transform":{"@class":"BaseComponentTransformable","isGlobalTransforms":false,"localTransforms":{"values":[1.0,3.7999998312443495e-05,9.999999974752427e-07,0.0,-3.7999998312443495e-05,0.9995480179786682,0.0300539992749691,0.0,0.0,-0.0300539992749691,0.9995480179786682,0.0,0.0,0.15729700028896332,0.004730000160634518,1.0]}},"visible":true}},{"@class":"BaseNode","children":["D558FBE1-318B-4DD4-B34B-CDBDD8BBD526"],"object3D":{"@class":"BaseObject3D","enabled":true,"hitVisible":true,"id":{"uuid":"47AE6B88-6BBC-49C6-A20C-B51FFF5F8E9A"},"metadata":{"importedIdentifier":"mixamorig_Spine1","importedName":"mixamorig_Spine1","isBone":false,"tags":[]},"name":"mixamorig_Spine1","transform":{"@class":"BaseComponentTransformable","isGlobalTransforms":false,"localTransforms":{"values":[1.0,0.0,0.0,0.0,0.0,1.0,0.0,0.0,0.0,0.0,1.0,0.0,0.0,0.18359600007534027,0.0,1.0]}},"visible":true}},{"@class":"BaseNode","children":["020F6659-6F83-4083-80F5-67E8E88FB06B","1737B77C-723B-402B-8294-35A3ED44E1BE","CF39AD76-CD40-441D-BFEE-BF39F83F02C9"],"object3D":{"@class":"BaseObject3D","enabled":true,"hitVisible":true,"id":{"uuid":"D558FBE1-318B-4DD4-B34B-CDBDD8BBD526"},"metadata":{"importedIdentifier":"mixamorig_Spine2","importedName":"mixamorig_Spine2","isBone":false,"tags":[]},"name":"mixamorig_Spine2","transform":{"@class":"BaseComponentTransformable","isGlobalTransforms":false,"localTransforms":{"values":[1.0,0.0,0.0,0.0,0.0,1.0,0.0,0.0,0.0,0.0,1.0,0.0,0.0,0.20982399582862854,0.0,1.0]}},"visible":true}},{"@class":"BaseNode","children":["36DE0C7D-9F9D-463E-85EE-FC1E2E49AD7A"],"object3D":{"@class":"BaseObject3D","enabled":true,"hitVisible":true,"id":{"uuid":"020F6659-6F83-4083-80F5-67E8E88FB06B"},"metadata":{"importedIdentifier":"mixamorig_Neck","importedName":"mixamorig_Neck","isBone":false,"tags":[]},"name":"mixamorig_Neck","transform":{"@class":"BaseComponentTransformable","isGlobalTransforms":false,"localTransforms":{"values":[1.0,0.0,0.0,0.0,0.0,0.9995480179786682,-0.0300539992749691,0.0,0.0,0.0300539992749691,0.9995480179786682,0.0,0.0,0.236052006483078,0.0,1.0]}},"visible":true}},{"@class":"BaseNode","children":["6E869BDB-1290-46EF-93FF-9BFB1DFC9E1F"],"object3D":{"@class":"BaseObject3D","enabled":true,"hitVisible":true,"id":{"uuid":"36DE0C7D-9F9D-463E-85EE-FC1E2E49AD7A"},"metadata":{"importedIdentifier":"mixamorig_Head","importedName":"mixamorig_Head","isBone":false,"tags":[]},"name":"mixamorig_Head","transform":{"@class":"BaseComponentTransformable","isGlobalTransforms":false,"localTransforms":{"values":[1.0,0.0,0.0,0.0,0.0,1.0,0.0,0.0,0.0,0.0,1.0,0.0,0.0,0.2464040070772171,-0.03666599839925766,1.0]}},"visible":true}},{"@class":"BaseNode","object3D":{"@class":"BaseObject3D","enabled":true,"hitVisible":true,"id":{"uuid":"6E869BDB-1290-46EF-93FF-9BFB1DFC9E1F"},"metadata":{"importedIdentifier":"mixamorig_HeadTop_End","importedName":"mixamorig_HeadTop_End","isBone":false,"tags":[]},"name":"mixamorig_HeadTop_End","transform":{"@class":"BaseComponentTransformable","isGlobalTransforms":false,"localTransforms":{"values":[1.0,0.0,0.0,0.0,0.0,1.0,0.0,0.0,0.0,0.0,1.0,0.0,0.0,1.1211349964141846,-0.16682900488376617,1.0]}},"visible":true}},{"@class":"BaseNode","children":["1BE1FBFD-0758-4536-9B42-E1900AE393A5"],"object3D":{"@class":"BaseObject3D","enabled":true,"hitVisible":true,"id":{"uuid":"1737B77C-723B-402B-8294-35A3ED44E1BE"},"metadata":{"importedIdentifier":"mixamorig_LeftShoulder","importedName":"mixamorig_LeftShoulder","isBone":false,"tags":[]},"name":"mixamorig_LeftShoulder","transform":{"@class":"BaseComponentTransformable","isGlobalTransforms":false,"localTransforms":{"values":[0.0015589999966323376,0.00011300000187475234,-0.9999989867210388,0.0,0.9993399977684021,-0.03628399968147278,0.0015539999585598707,0.0,-0.03628399968147278,-0.9993420243263245,-0.00016900000628083944,0.0,0.1481339931488037,0.22609999775886536,0.00036800000816583633,1.0]}},"visible":true}},{"@class":"BaseNode","children":["DC18585E-E8ED-4AF1-847E-6261ECFBFC4C"],"object3D":{"@class":"BaseObject3D","enabled":true,"hitVisible":true,"id":{"uuid":"1BE1FBFD-0758-4536-9B42-E1900AE393A5"},"metadata":{"importedIdentifier":"mixamorig_LeftArm","importedName":"mixamorig_LeftArm","isBone":false,"tags":[]},"name":"mixamorig_LeftArm","transform":{"@class":"BaseComponentTransformable","isGlobalTransforms":false,"localTransforms":{"values":[0.9999930262565613,-0.001686000032350421,-0.003432000055909157,0.0,0.001560000004246831,0.9993379712104797,-0.036348000168800354,0.0,0.0034910000395029783,0.03634199872612953,0.9993330240249634,0.0,0.0,0.29906898736953735,0.0,1.0]}},"visible":true}},{"@class":"BaseNode","children":["3BFD20C8-6576-4136-95A4-2FD4E7F1B389"],"object3D":{"@class":"BaseObject3D","enabled":true,"hitVisible":true,"id":{"uuid":"DC18585E-E8ED-4AF1-847E-6261ECFBFC4C"},"metadata":{"importedIdentifier":"mixamorig_LeftForeArm","importedName":"mixamorig_LeftForeArm","isBone":false,"tags":[]},"name":"mixamorig_LeftForeArm","transform":{"@class":"BaseComponentTransformable","isGlobalTransforms":false,"localTransforms":{"values":[0.9999960064888,9.999999974752427e-07,-0.002951999893411994,0.0,-9.999999974752427e-07,1.0,0.0,0.0,0.002951999893411994,0.0,0.9999960064888,0.0,0.0,0.2411089986562729,0.0,1.0]}},"visible":true}},{"@class":"BaseNode","children":["739E3542-0AB2-4A24-A35D-636A536F5B12","A432462B-5AED-4CF3-838C-465E9EB6EE76","309F6E41-9C5D-4266-A2CA-500D8C9A70CC","028B5EDC-C3E8-4368-A4FB-92D90E63BDBF","A82F0650-703E-47F5-B608-164E177932CF"],"object3D":{"@class":"BaseObject3D","enabled":true,"hitVisible":true,"id":{"uuid":"3BFD20C8-6576-4136-95A4-2FD4E7F1B389"},"metadata":{"importedIdentifier":"mixamorig_LeftHand","importedName":"mixamorig_LeftHand","isBone":false,"tags":[]},"name":"mixamorig_LeftHand","transform":{"@class":"BaseComponentTransformable","isGlobalTransforms":false,"localTransforms":{"values":[0.9903789758682251,-0.13649000227451324,0.022816000506281853,0.0,0.135670006275177,0.9901599884033203,0.03429200127720833,0.0,-0.027272000908851624,-0.030866000801324844,0.9991509914398193,0.0,0.0,0.4212009906768799,0.0,1.0]}},"visible":true}},{"@class":"BaseNode","children":["844FCCB9-1D5A-4F0E-BE40-C4893FC5E8EF"],"object3D":{"@class":"BaseObject3D","enabled":true,"hitVisible":true,"id":{"uuid":"739E3542-0AB2-4A24-A35D-636A536F5B12"},"metadata":{"importedIdentifier":"mixamorig_LeftHandThumb1","importedName":"mixamorig_LeftHandThumb1","isBone":false,"tags":[]},"name":"mixamorig_LeftHandThumb1","transform":{"@class":"BaseComponentTransformable","isGlobalTransforms":false,"localTransforms":{"values":[0.7066500186920166,0.7062389850616455,0.0432559996843338,0.0,-0.6551910042762756,0.6300399899482727,0.41686299443244934,0.0,0.2671529948711395,-0.32291701436042786,0.9079390168190002,0.0,-0.0682779997587204,0.08393300324678421,0.0063680000603199005,1.0]}},"visible":true}},{"@class":"BaseNode","children":["359E7CFC-9BF4-4670-8CE6-56BD7B2EB270"],"object3D":{"@class":"BaseObject3D","enabled":true,"hitVisible":true,"id":{"uuid":"844FCCB9-1D5A-4F0E-BE40-C4893FC5E8EF"},"metadata":{"importedIdentifier":"mixamorig_LeftHandThumb2","importedName":"mixamorig_LeftHandThumb2","isBone":false,"tags":[]},"name":"mixamorig_LeftHandThumb2","transform":{"@class":"BaseComponentTransformable","isGlobalTransforms":false,"localTransforms":{"values":[0.9670770168304443,-0.25448501110076904,-7.699999696342275e-05,0.0,0.25448501110076904,0.9670770168304443,-9.000000318337698e-06,0.0,7.599999662488699e-05,-1.1000000085914508e-05,1.0,0.0,0.011578000150620937,0.08593200147151947,0.0,1.0]}},"visible":true}},{"@class":"BaseNode","children":["6013B564-1CD6-446A-A1C4-EC8A89F32515"],"object3D":{"@class":"BaseObject3D","enabled":true,"hitVisible":true,"id":{"uuid":"359E7CFC-9BF4-4670-8CE6-56BD7B2EB270"},"metadata":{"importedIdentifier":"mixamorig_LeftHandThumb3","importedName":"mixamorig_LeftHandThumb3","isBone":false,"tags":[]},"name":"mixamorig_LeftHandThumb3","transform":{"@class":"BaseComponentTransformable","isGlobalTransforms":false,"localTransforms":{"values":[0.9959660172462463,0.08964300155639648,-0.004050999879837036,0.0,-0.08964499831199646,0.9959740042686462,-0.00013600000238511711,0.0,0.004023000132292509,0.0004980000085197389,0.9999920129776001,0.0,-0.009634999558329582,0.0776429995894432,0.0,1.0]}},"visible":true}},{"@class":"BaseNode","object3D":{"@class":"BaseObject3D","enabled":true,"hitVisible":true,"id":{"uuid":"6013B564-1CD6-446A-A1C4-EC8A89F32515"},"metadata":{"importedIdentifier":"mixamorig_LeftHandThumb4","importedName":"mixamorig_LeftHandThumb4","isBone":false,"tags":[]},"name":"mixamorig_LeftHandThumb4","transform":{"@class":"BaseComponentTransformable","isGlobalTransforms":false,"localTransforms":{"values":[1.0,0.0,0.0,0.0,0.0,1.0,0.0,0.0,0.0,0.0,1.0,0.0,-0.001943000010214746,0.056984998285770416,0.0,1.0]}},"visible":true}},{"@class":"BaseNode","children":["0ABDC4E3-1DB7-4994-8A22-8010EDB4B779"],"object3D":{"@class":"BaseObject3D","enabled":true,"hitVisible":true,"id":{"uuid":"A432462B-5AED-4CF3-838C-465E9EB6EE76"},"metadata":{"importedIdentifier":"mixamorig_LeftHandIndex1","importedName":"mixamorig_LeftHandIndex1","isBone":false,"tags":[]},"name":"mixamorig_LeftHandIndex1","transform":{"@class":"BaseComponentTransformable","isGlobalTransforms":false,"localTransforms":{"values":[0.9907910227775574,0.13539999723434448,-0.0005230000242590904,0.0,-0.1353510022163391,0.9903169870376587,-0.03086799941956997,0.0,-0.0036619999445974827,0.03065500035881996,0.9995229840278625,0.0,-0.06926099956035614,0.19988499581813812,0.0017310000257566571,1.0]}},"visible":true}},{"@class":"BaseNode","children":["AD252013-AA5C-496B-82D5-C5E0923C4E6C"],"object3D":{"@class":"BaseObject3D","enabled":true,"hitVisible":true,"id":{"uuid":"0ABDC4E3-1DB7-4994-8A22-8010EDB4B779"},"metadata":{"importedIdentifier":"mixamorig_LeftHandIndex2","importedName":"mixamorig_LeftHandIndex2","isBone":false,"tags":[]},"name":"mixamorig_LeftHandIndex2","transform":{"@class":"BaseComponentTransformable","isGlobalTransforms":false,"localTransforms":{"values":[1.0,-7.999999979801942e-06,3.099999958067201e-05,0.0,7.999999979801942e-06,1.0,0.0,0.0,-3.099999958067201e-05,0.0,1.0,0.0,-0.00013499999477062374,0.08687900006771088,0.0,1.0]}},"visible":true}},{"@class":"BaseNode","children":["1E8B216A-E15A-46FC-BC03-A2A697DA70A8"],"object3D":{"@class":"BaseObject3D","enabled":true,"hitVisible":true,"id":{"uuid":"AD252013-AA5C-496B-82D5-C5E0923C4E6C"},"metadata":{"importedIdentifier":"mixamorig_LeftHandIndex3","importedName":"mixamorig_LeftHandIndex3","isBone":false,"tags":[]},"name":"mixamorig_LeftHandIndex3","transform":{"@class":"BaseComponentTransformable","isGlobalTransforms":false,"localTransforms":{"values":[0.9999920129776001,0.00395999988541007,-8.299999899463728e-05,0.0,-0.00395999988541007,0.9999920129776001,9.999999974752427e-07,0.0,8.299999899463728e-05,0.0,1.0,0.0,-5.0999999075429514e-05,0.08626999706029892,0.0,1.0]}},"visible":true}},{"@class":"BaseNode","object3D":{"@class":"BaseObject3D","enabled":true,"hitVisible":true,"id":{"uuid":"1E8B216A-E15A-46FC-BC03-A2A697DA70A8"},"metadata":{"importedIdentifier":"mixamorig_LeftHandIndex4","importedName":"mixamorig_LeftHandIndex4","isBone":false,"tags":[]},"name":"mixamorig_LeftHandIndex4","transform":{"@class":"BaseComponentTransformable","isGlobalTransforms":false,"localTransforms":{"values":[1.0,0.0,0.0,0.0,0.0,1.0,0.0,0.0,0.0,0.0,1.0,0.0,0.00018600000475998968,0.07144100219011307,0.0,1.0]}},"visible":true}},{"@class":"BaseNode","children":["043DEF97-6E57-4B25-B249-4C01A2C26E92"],"object3D":{"@class":"BaseObject3D","enabled":true,"hitVisible":true,"id":{"uuid":"309F6E41-9C5D-4266-A2CA-500D8C9A70CC"},"metadata":{"importedIdentifier":"mixamorig_LeftHandMiddle1","importedName":"mixamorig_LeftHandMiddle1","isBone":false,"tags":[]},"name":"mixamorig_LeftHandMiddle1","transform":{"@class":"BaseComponentTransformable","isGlobalTransforms":false,"localTransforms":{"values":[0.9909120202064514,0.13449999690055847,0.0016250000335276127,0.0,-0.13438600301742554,0.990447998046875,-0.030863000079989433,0.0,-0.005760000087320805,0.030364999547600746,0.9995219707489014,0.0,-0.028317999094724655,0.20526699721813202,-0.0063760001212358475,1.0]}},"visible":true}},{"@class":"BaseNode","children":["5B46D89C-543E-4E54-A378-95F30EF722C0"],"object3D":{"@class":"BaseObject3D","enabled":true,"hitVisible":true,"id":{"uuid":"043DEF97-6E57-4B25-B249-4C01A2C26E92"},"metadata":{"importedIdentifier":"mixamorig_LeftHandMiddle2","importedName":"mixamorig_LeftHandMiddle2","isBone":false,"tags":[]},"name":"mixamorig_LeftHandMiddle2","transform":{"@class":"BaseComponentTransformable","isGlobalTransforms":false,"localTransforms":{"values":[0.9999989867210388,0.0010519999777898192,2.4000000848900527e-05,0.0,-0.0010519999777898192,0.9999989867210388,9.999999974752427e-07,0.0,-2.4000000848900527e-05,-9.999999974752427e-07,1.0,0.0,-0.00021600000036414713,0.09419099986553192,0.0,1.0]}},"visible":true}},{"@class":"BaseNode","children":["4843BB72-455D-4174-B90A-AB66D77EFD53"],"object3D":{"@class":"BaseObject3D","enabled":true,"hitVisible":true,"id":{"uuid":"5B46D89C-543E-4E54-A378-95F30EF722C0"},"metadata":{"importedIdentifier":"mixamorig_LeftHandMiddle3","importedName":"mixamorig_LeftHandMiddle3","isBone":false,"tags":[]},"name":"mixamorig_LeftHandMiddle3","transform":{"@class":"BaseComponentTransformable","isGlobalTransforms":false,"localTransforms":{"values":[0.9999880194664001,0.004863000009208918,-0.00019500000053085387,0.0,-0.004863000009208918,0.9999880194664001,9.999999974752427e-07,0.0,0.00019500000053085387,0.0,1.0,0.0,-0.00013299999409355223,0.0933929979801178,0.0,1.0]}},"visible":true}},{"@class":"BaseNode","object3D":{"@class":"BaseObject3D","enabled":true,"hitVisible":true,"id":{"uuid":"4843BB72-455D-4174-B90A-AB66D77EFD53"},"metadata":{"importedIdentifier":"mixamorig_LeftHandMiddle4","importedName":"mixamorig_LeftHandMiddle4","isBone":false,"tags":[]},"name":"mixamorig_LeftHandMiddle4","transform":{"@class":"BaseComponentTransformable","isGlobalTransforms":false,"localTransforms":{"values":[1.0,0.0,0.0,0.0,0.0,1.0,0.0,0.0,0.0,0.0,1.0,0.0,0.0003490000090096146,0.07913099974393845,0.0,1.0]}},"visible":true}},{"@class":"BaseNode","children":["548019ED-80D5-4B4D-8C5F-04556E7FB1D8"],"object3D":{"@class":"BaseObject3D","enabled":true,"hitVisible":true,"id":{"uuid":"028B5EDC-C3E8-4368-A4FB-92D90E63BDBF"},"metadata":{"importedIdentifier":"mixamorig_LeftHandRing1","importedName":"mixamorig_LeftHandRing1","isBone":false,"tags":[]},"name":"mixamorig_LeftHandRing1","transform":{"@class":"BaseComponentTransformable","isGlobalTransforms":false,"localTransforms":{"values":[0.9906269907951355,0.13659299910068512,0.001196000026538968,0.0,-0.13649100065231323,0.9901599884033203,-0.030866000801324844,0.0,-0.005400000140070915,0.030414000153541565,0.9995229840278625,0.0,0.025980999693274498,0.3043679893016815,-0.0017999999690800905,1.0]}},"visible":true}},{"@class":"BaseNode","children":["27F75115-7557-4D91-AF3A-3D2C2F72EE02"],"object3D":{"@class":"BaseObject3D","enabled":true,"hitVisible":true,"id":{"uuid":"548019ED-80D5-4B4D-8C5F-04556E7FB1D8"},"metadata":{"importedIdentifier":"mixamorig_LeftHandRing2","importedName":"mixamorig_LeftHandRing2","isBone":false,"tags":[]},"name":"mixamorig_LeftHandRing2","transform":{"@class":"BaseComponentTransformable","isGlobalTransforms":false,"localTransforms":{"values":[1.0,0.0,0.0,0.0,0.0,1.0,0.0,0.0,0.0,0.0,1.0,0.0,3.600000127335079e-05,0.05914599820971489,0.0,1.0]}},"visible":true}},{"@class":"BaseNode","children":["4157BA64-B9E3-40D5-ACA2-745849DEFC8C"],"object3D":{"@class":"BaseObject3D","enabled":true,"hitVisible":true,"id":{"uuid":"27F75115-7557-4D91-AF3A-3D2C2F72EE02"},"metadata":{"importedIdentifier":"mixamorig_LeftHandRing3","importedName":"mixamorig_LeftHandRing3","isBone":false,"tags":[]},"name":"mixamorig_LeftHandRing3","transform":{"@class":"BaseComponentTransformable","isGlobalTransforms":false,"localTransforms":{"values":[0.9999970197677612,-0.002409999957308173,-6.0999998822808266e-05,0.0,0.002409999957308173,0.9999970197677612,0.0,0.0,6.0999998822808266e-05,0.0,1.0,0.0,2.099999983329326e-05,0.056380998343229294,0.0,1.0]}},"visible":true}},{"@class":"BaseNode","object3D":{"@class":"BaseObject3D","enabled":true,"hitVisible":true,"id":{"uuid":"4157BA64-B9E3-40D5-ACA2-745849DEFC8C"},"metadata":{"importedIdentifier":"mixamorig_LeftHandRing4","importedName":"mixamorig_LeftHandRing4","isBone":false,"tags":[]},"name":"mixamorig_LeftHandRing4","transform":{"@class":"BaseComponentTransformable","isGlobalTransforms":false,"localTransforms":{"values":[1.0,0.0,0.0,0.0,0.0,1.0,0.0,0.0,0.0,0.0,1.0,0.0,-5.700000110664405e-05,0.04145900160074234,0.0,1.0]}},"visible":true}},{"@class":"BaseNode","children":["9073E67A-A049-449F-B1D0-8189109A7FCB"],"object3D":{"@class":"BaseObject3D","enabled":true,"hitVisible":true,"id":{"uuid":"A82F0650-703E-47F5-B608-164E177932CF"},"metadata":{"importedIdentifier":"mixamorig_LeftHandPinky1","importedName":"mixamorig_LeftHandPinky1","isBone":false,"tags":[]},"name":"mixamorig_LeftHandPinky1","transform":{"@class":"BaseComponentTransformable","isGlobalTransforms":false,"localTransforms":{"values":[0.990909993648529,0.13451999425888062,-0.0013419999741017818,0.0,-0.1344970017671585,0.9904329776763916,-0.030869999900460243,0.0,-0.0028230000752955675,0.03077000007033348,0.9995219707489014,0.0,0.07159800082445145,0.31719300150871277,0.0007730000070296228,1.0]}},"visible":true}},{"@class":"BaseNode","children":["CC850E2B-4006-47CC-A42A-A5995FECF8C6"],"object3D":{"@class":"BaseObject3D","enabled":true,"hitVisible":true,"id":{"uuid":"9073E67A-A049-449F-B1D0-8189109A7FCB"},"metadata":{"importedIdentifier":"mixamorig_LeftHandPinky2","importedName":"mixamorig_LeftHandPinky2","isBone":false,"tags":[]},"name":"mixamorig_LeftHandPinky2","transform":{"@class":"BaseComponentTransformable","isGlobalTransforms":false,"localTransforms":{"values":[0.9999979734420776,0.0020119999535381794,5.900000178371556e-05,0.0,-0.0020119999535381794,0.9999979734420776,0.0,0.0,-5.900000178371556e-05,0.0,1.0,0.0,-0.0001320000010309741,0.0496629998087883,0.0,1.0]}},"visible":true}},{"@class":"BaseNode","children":["D3ECA397-DDAD-4B13-8338-7C7833EFA3DF"],"object3D":{"@class":"BaseObject3D","enabled":true,"hitVisible":true,"id":{"uuid":"CC850E2B-4006-47CC-A42A-A5995FECF8C6"},"metadata":{"importedIdentifier":"mixamorig_LeftHandPinky3","importedName":"mixamorig_LeftHandPinky3","isBone":false,"tags":[]},"name":"mixamorig_LeftHandPinky3","transform":{"@class":"BaseComponentTransformable","isGlobalTransforms":false,"localTransforms":{"values":[0.9999629855155945,0.008546999655663967,-0.001066999975591898,0.0,-0.008546999655663967,0.9999629855155945,9.999999747378752e-06,0.0,0.001066999975591898,0.0,0.9999989867210388,0.0,-2.9999999242136255e-05,0.03833499923348427,0.0,1.0]}},"visible":true}},{"@class":"BaseNode","object3D":{"@class":"BaseObject3D","enabled":true,"hitVisible":true,"id":{"uuid":"D3ECA397-DDAD-4B13-8338-7C7833EFA3DF"},"metadata":{"importedIdentifier":"mixamorig_LeftHandPinky4","importedName":"mixamorig_LeftHandPinky4","isBone":false,"tags":[]},"name":"mixamorig_LeftHandPinky4","transform":{"@class":"BaseComponentTransformable","isGlobalTransforms":false,"localTransforms":{"values":[1.0,0.0,0.0,0.0,0.0,1.0,0.0,0.0,0.0,0.0,1.0,0.0,0.0001630000042496249,0.02336299978196621,0.0,1.0]}},"visible":true}},{"@class":"BaseNode","children":["84647528-B3B5-4286-85E2-F815C2EBDEAC"],"object3D":{"@class":"BaseObject3D","enabled":true,"hitVisible":true,"id":{"uuid":"CF39AD76-CD40-441D-BFEE-BF39F83F02C9"},"metadata":{"importedIdentifier":"mixamorig_RightShoulder","importedName":"mixamorig_RightShoulder","isBone":false,"tags":[]},"name":"mixamorig_RightShoulder","transform":{"@class":"BaseComponentTransformable","isGlobalTransforms":false,"localTransforms":{"values":[0.0006380000268109143,-8.299999899463728e-05,1.0,0.0,-0.9993450045585632,-0.03617500141263008,0.0006339999963529408,0.0,0.03617500141263008,-0.9993450045585632,-0.00010599999950500205,0.0,-0.1481339931488037,0.2260960042476654,0.0002300000051036477,1.0]}},"visible":true}},{"@class":"BaseNode","children":["604680BF-210B-4318-AE9A-E54E1591B8AE"],"object3D":{"@class":"BaseObject3D","enabled":true,"hitVisible":true,"id":{"uuid":"84647528-B3B5-4286-85E2-F815C2EBDEAC"},"metadata":{"importedIdentifier":"mixamorig_RightArm","importedName":"mixamorig_RightArm","isBone":false,"tags":[]},"name":"mixamorig_RightArm","transform":{"@class":"BaseComponentTransformable","isGlobalTransforms":false,"localTransforms":{"values":[0.9999930262565613,0.0007680000271648169,0.0035920001100748777,0.0,-0.0006360000115819275,0.9993370175361633,-0.036396998912096024,0.0,-0.0036170000676065683,0.03639400005340576,0.999330997467041,0.0,0.0,0.29906898736953735,0.0,1.0]}},"visible":true}},{"@class":"BaseNode","children":["F2079DF4-D8F2-4074-A3D1-D9A4F777C1EB"],"object3D":{"@class":"BaseObject3D","enabled":true,"hitVisible":true,"id":{"uuid":"604680BF-210B-4318-AE9A-E54E1591B8AE"},"metadata":{"importedIdentifier":"mixamorig_RightForeArm","importedName":"mixamorig_RightForeArm","isBone":false,"tags":[]},"name":"mixamorig_RightForeArm","transform":{"@class":"BaseComponentTransformable","isGlobalTransforms":false,"localTransforms":{"values":[0.9999939799308777,9.999999974752427e-07,0.0033470001071691513,0.0,-9.999999974752427e-07,1.0,0.0,0.0,-0.0033470001071691513,0.0,0.9999939799308777,0.0,0.0,0.24111400544643402,0.0,1.0]}},"visible":true}},{"@class":"BaseNode","children":["98A8761B-5180-46BE-A4C2-BB7C3273D468","701A5606-F8EB-45F6-A84F-62FD6939585E","B2C99106-9BE3-4F7B-83FB-65E356767166","A0D51771-A1DD-4D9F-BFB0-FCCF0F4EA200","2C9E86EB-ADA4-4C1C-8BB2-571FF2CB7B1C"],"object3D":{"@class":"BaseObject3D","enabled":true,"hitVisible":true,"id":{"uuid":"F2079DF4-D8F2-4074-A3D1-D9A4F777C1EB"},"metadata":{"importedIdentifier":"mixamorig_RightHand","importedName":"mixamorig_RightHand","isBone":false,"tags":[]},"name":"mixamorig_RightHand","transform":{"@class":"BaseComponentTransformable","isGlobalTransforms":false,"localTransforms":{"values":[0.9905459880828857,0.1352909952402115,-0.022710999473929405,0.0,-0.13483799993991852,0.9906569719314575,0.020410999655723572,0.0,0.025259999558329582,-0.017155999317765236,0.999534010887146,0.0,0.0,0.4212009906768799,0.0,1.0]}},"visible":true}},{"@class":"BaseNode","children":["0860B5A2-88AC-4DBB-9108-81ECFF42F2AF"],"object3D":{"@class":"BaseObject3D","enabled":true,"hitVisible":true,"id":{"uuid":"98A8761B-5180-46BE-A4C2-BB7C3273D468"},"metadata":{"importedIdentifier":"mixamorig_RightHandThumb1","importedName":"mixamorig_RightHandThumb1","isBone":false,"tags":[]},"name":"mixamorig_RightHandThumb1","transform":{"@class":"BaseComponentTransformable","isGlobalTransforms":false,"localTransforms":{"values":[0.7716860175132751,-0.6359930038452148,0.0036359999794512987,0.0,0.573369026184082,0.698153018951416,0.428754985332489,0.0,-0.2752240002155304,-0.328779011964798,0.9034140110015869,0.0,0.07613299787044525,0.0876929983496666,0.0075969998724758625,1.0]}},"visible":true}},{"@class":"BaseNode","children":["B3178D74-A710-407E-8D02-0DA57E53DE51"],"object3D":{"@class":"BaseObject3D","enabled":true,"hitVisible":true,"id":{"uuid":"0860B5A2-88AC-4DBB-9108-81ECFF42F2AF"},"metadata":{"importedIdentifier":"mixamorig_RightHandThumb2","importedName":"mixamorig_RightHandThumb2","isBone":false,"tags":[]},"name":"mixamorig_RightHandThumb2","transform":{"@class":"BaseComponentTransformable","isGlobalTransforms":false,"localTransforms":{"values":[0.9892860054969788,0.1459909975528717,0.00032500000088475645,0.0,-0.1459909975528717,0.9892860054969788,-3.899999865097925e-05,0.0,-0.00032699998700991273,-9.000000318337698e-06,1.0,0.0,-0.002343999920412898,0.0930740013718605,0.0,1.0]}},"visible":true}},{"@class":"BaseNode","children":["D079366E-CD92-4E08-80B4-077EA5B71484"],"object3D":{"@class":"BaseObject3D","enabled":true,"hitVisible":true,"id":{"uuid":"B3178D74-A710-407E-8D02-0DA57E53DE51"},"metadata":{"importedIdentifier":"mixamorig_RightHandThumb3","importedName":"mixamorig_RightHandThumb3","isBone":false,"tags":[]},"name":"mixamorig_RightHandThumb3","transform":{"@class":"BaseComponentTransformable","isGlobalTransforms":false,"localTransforms":{"values":[0.9667850136756897,-0.2555899918079376,0.0006370000191964209,0.0,0.2555899918079376,0.9667850136756897,8.800000068731606e-05,0.0,-0.0006389999762177467,7.79999973019585e-05,1.0,0.0,0.008906999602913857,0.07271499931812286,0.0,1.0]}},"visible":true}},{"@class":"BaseNode","object3D":{"@class":"BaseObject3D","enabled":true,"hitVisible":true,"id":{"uuid":"D079366E-CD92-4E08-80B4-077EA5B71484"},"metadata":{"importedIdentifier":"mixamorig_RightHandThumb4","importedName":"mixamorig_RightHandThumb4","isBone":false,"tags":[]},"name":"mixamorig_RightHandThumb4","transform":{"@class":"BaseComponentTransformable","isGlobalTransforms":false,"localTransforms":{"values":[1.0,0.0,0.0,0.0,0.0,1.0,0.0,0.0,0.0,0.0,1.0,0.0,-0.006562999915331602,0.04799899831414223,0.0,1.0]}},"visible":true}},{"@class":"BaseNode","children":["0DAC5C5A-45F6-4133-BA11-C5C0A2F17356"],"object3D":{"@class":"BaseObject3D","enabled":true,"hitVisible":true,"id":{"uuid":"701A5606-F8EB-45F6-A84F-62FD6939585E"},"metadata":{"importedIdentifier":"mixamorig_RightHandIndex1","importedName":"mixamorig_RightHandIndex1","isBone":false,"tags":[]},"name":"mixamorig_RightHandIndex1","transform":{"@class":"BaseComponentTransformable","isGlobalTransforms":false,"localTransforms":{"values":[0.9910979866981506,-0.13312199711799622,-0.00184599997010082,0.0,0.13307100534439087,0.9909579753875732,-0.017152000218629837,0.0,0.004112999886274338,0.016753999516367912,0.9998509883880615,0.0,0.07117000222206116,0.20197699964046478,4.400000034365803e-05,1.0]}},"visible":true}},{"@class":"BaseNode","children":["B9EB53E6-0CF8-4848-979D-26A84A0CB4F0"],"object3D":{"@class":"BaseObject3D","enabled":true,"hitVisible":true,"id":{"uuid":"0DAC5C5A-45F6-4133-BA11-C5C0A2F17356"},"metadata":{"importedIdentifier":"mixamorig_RightHandIndex2","importedName":"mixamorig_RightHandIndex2","isBone":false,"tags":[]},"name":"mixamorig_RightHandIndex2","transform":{"@class":"BaseComponentTransformable","isGlobalTransforms":false,"localTransforms":{"values":[1.0,0.00010800000018207356,4.099999932805076e-05,0.0,-0.00010800000018207356,1.0,0.0,0.0,-4.099999932805076e-05,0.0,1.0,0.0,0.00018400000408291817,0.08932600170373917,0.0,1.0]}},"visible":true}},{"@class":"BaseNode","children":["AD197886-8B77-4E41-90ED-A91B7EE80210"],"object3D":{"@class":"BaseObject3D","enabled":true,"hitVisible":true,"id":{"uuid":"B9EB53E6-0CF8-4848-979D-26A84A0CB4F0"},"metadata":{"importedIdentifier":"mixamorig_RightHandIndex3","importedName":"mixamorig_RightHandIndex3","isBone":false,"tags":[]},"name":"mixamorig_RightHandIndex3","transform":{"@class":"BaseComponentTransformable","isGlobalTransforms":false,"localTransforms":{"values":[0.999966025352478,-0.008282000198960304,0.00037900000461377203,0.0,0.008282000198960304,0.999966025352478,3.000000106112566e-06,0.0,-0.00037900000461377203,0.0,1.0,0.0,0.00022400000307243317,0.08517900109291077,0.0,1.0]}},"visible":true}},{"@class":"BaseNode","object3D":{"@class":"BaseObject3D","enabled":true,"hitVisible":true,"id":{"uuid":"AD197886-8B77-4E41-90ED-A91B7EE80210"},"metadata":{"importedIdentifier":"mixamorig_RightHandIndex4","importedName":"mixamorig_RightHandIndex4","isBone":false,"tags":[]},"name":"mixamorig_RightHandIndex4","transform":{"@class":"BaseComponentTransformable","isGlobalTransforms":false,"localTransforms":{"values":[1.0,0.0,0.0,0.0,0.0,1.0,0.0,0.0,0.0,0.0,1.0,0.0,-0.0004079999926034361,0.06740599870681763,0.0,1.0]}},"visible":true}},{"@class":"BaseNode","children":["54FF860D-5876-4695-8B14-F2D7346DE770"],"object3D":{"@class":"BaseObject3D","enabled":true,"hitVisible":true,"id":{"uuid":"B2C99106-9BE3-4F7B-83FB-65E356767166"},"metadata":{"importedIdentifier":"mixamorig_RightHandMiddle1","importedName":"mixamorig_RightHandMiddle1","isBone":false,"tags":[]},"name":"mixamorig_RightHandMiddle1","transform":{"@class":"BaseComponentTransformable","isGlobalTransforms":false,"localTransforms":{"values":[0.9912199974060059,-0.1322219967842102,-0.0005389999714680016,0.0,0.13219299912452698,0.9910759925842285,-0.017155999317765236,0.0,0.0028029999230057,0.016933999955654144,0.9998530149459839,0.0,0.027557000517845154,0.2020840048789978,-0.0034620000515133142,1.0]}},"visible":true}},{"@class":"BaseNode","children":["9C854765-4552-4B09-A3CE-ED6AF9F88B76"],"object3D":{"@class":"BaseObject3D","enabled":true,"hitVisible":true,"id":{"uuid":"54FF860D-5876-4695-8B14-F2D7346DE770"},"metadata":{"importedIdentifier":"mixamorig_RightHandMiddle2","importedName":"mixamorig_RightHandMiddle2","isBone":false,"tags":[]},"name":"mixamorig_RightHandMiddle2","transform":{"@class":"BaseComponentTransformable","isGlobalTransforms":false,"localTransforms":{"values":[0.9999979734420776,-0.0020459999796003103,-7.000000186963007e-05,0.0,0.0020459999796003103,0.9999979734420776,0.0,0.0,7.000000186963007e-05,0.0,1.0,0.0,0.00029299999005161226,0.09597299993038177,0.0,1.0]}},"visible":true}},{"@class":"BaseNode","children":["0E2F779D-5482-4DA1-A286-EA45B6EFD6A7"],"object3D":{"@class":"BaseObject3D","enabled":true,"hitVisible":true,"id":{"uuid":"9C854765-4552-4B09-A3CE-ED6AF9F88B76"},"metadata":{"importedIdentifier":"mixamorig_RightHandMiddle3","importedName":"mixamorig_RightHandMiddle3","isBone":false,"tags":[]},"name":"mixamorig_RightHandMiddle3","transform":{"@class":"BaseComponentTransformable","isGlobalTransforms":false,"localTransforms":{"values":[0.9999819993972778,-0.005993000231683254,0.0002629999944474548,0.0,0.005993000231683254,0.9999819993972778,1.9999999949504854e-06,0.0,-0.0002629999944474548,0.0,1.0,0.0,0.00012599999899975955,0.09269999712705612,0.0,1.0]}},"visible":true}},{"@class":"BaseNode","object3D":{"@class":"BaseObject3D","enabled":true,"hitVisible":true,"id":{"uuid":"0E2F779D-5482-4DA1-A286-EA45B6EFD6A7"},"metadata":{"importedIdentifier":"mixamorig_RightHandMiddle4","importedName":"mixamorig_RightHandMiddle4","isBone":false,"tags":[]},"name":"mixamorig_RightHandMiddle4","transform":{"@class":"BaseComponentTransformable","isGlobalTransforms":false,"localTransforms":{"values":[1.0,0.0,0.0,0.0,0.0,1.0,0.0,0.0,0.0,0.0,1.0,0.0,-0.0004189999890513718,0.08137200027704239,0.0,1.0]}},"visible":true}},{"@class":"BaseNode","children":["162FC36F-DC73-42DC-8D43-608E25CE0E95"],"object3D":{"@class":"BaseObject3D","enabled":true,"hitVisible":true,"id":{"uuid":"A0D51771-A1DD-4D9F-BFB0-FCCF0F4EA200"},"metadata":{"importedIdentifier":"mixamorig_RightHandRing1","importedName":"mixamorig_RightHandRing1","isBone":false,"tags":[]},"name":"mixamorig_RightHandRing1","transform":{"@class":"BaseComponentTransformable","isGlobalTransforms":false,"localTransforms":{"values":[0.9905620217323303,-0.13706499338150024,-0.00041700000292621553,0.0,0.13703800737857819,0.9904170036315918,-0.017156999558210373,0.0,0.0027650000993162394,0.016938000917434692,0.9998530149459839,0.0,-0.02803800068795681,0.30718299746513367,-0.00184299994725734,1.0]}},"visible":true}},{"@class":"BaseNode","children":["2198569B-C613-4FE5-9808-5CC657BEA420"],"object3D":{"@class":"BaseObject3D","enabled":true,"hitVisible":true,"id":{"uuid":"162FC36F-DC73-42DC-8D43-608E25CE0E95"},"metadata":{"importedIdentifier":"mixamorig_RightHandRing2","importedName":"mixamorig_RightHandRing2","isBone":false,"tags":[]},"name":"mixamorig_RightHandRing2","transform":{"@class":"BaseComponentTransformable","isGlobalTransforms":false,"localTransforms":{"values":[1.0,-3.7999998312443495e-05,4.600000102072954e-05,0.0,3.7999998312443495e-05,1.0,0.0,0.0,-4.600000102072954e-05,0.0,1.0,0.0,-8.399999933317304e-05,0.05670100077986717,0.0,1.0]}},"visible":true}},{"@class":"BaseNode","children":["D817C3B5-8E19-4D0D-A383-5455AB7FE79E"],"object3D":{"@class":"BaseObject3D","enabled":true,"hitVisible":true,"id":{"uuid":"2198569B-C613-4FE5-9808-5CC657BEA420"},"metadata":{"importedIdentifier":"mixamorig_RightHandRing3","importedName":"mixamorig_RightHandRing3","isBone":false,"tags":[]},"name":"mixamorig_RightHandRing3","transform":{"@class":"BaseComponentTransformable","isGlobalTransforms":false,"localTransforms":{"values":[0.9999780058860779,0.006597999949008226,0.0002859999949578196,0.0,-0.006597999949008226,0.9999780058860779,-9.999999974752427e-07,0.0,-0.0002859999949578196,-9.999999974752427e-07,1.0,0.0,-0.00014200000441633165,0.055459000170230865,0.0,1.0]}},"visible":true}},{"@class":"BaseNode","object3D":{"@class":"BaseObject3D","enabled":true,"hitVisible":true,"id":{"uuid":"D817C3B5-8E19-4D0D-A383-5455AB7FE79E"},"metadata":{"importedIdentifier":"mixamorig_RightHandRing4","importedName":"mixamorig_RightHandRing4","isBone":false,"tags":[]},"name":"mixamorig_RightHandRing4","transform":{"@class":"BaseComponentTransformable","isGlobalTransforms":false,"localTransforms":{"values":[1.0,0.0,0.0,0.0,0.0,1.0,0.0,0.0,0.0,0.0,1.0,0.0,0.00022600000374950469,0.04167100042104721,0.0,1.0]}},"visible":true}},{"@class":"BaseNode","children":["C08C6511-338B-4EBD-83FE-21EB65531BA0"],"object3D":{"@class":"BaseObject3